222
1942

2323
3272
3559
6195


10250





16623
8043
9407
10640
14843
16227
16288
17541
61
1539
4123
7931
9309
9459
12892
15716
15973
16299
16330
1679
2090
6417
7288
7640
11154
11903
16930
1380
6837
7730

7950
9059

10109
11009
13946
16583
11224
13240
3152

2979
10162


230
917
6260

8202
9310

11052
15685
16331
17276
17585
1408
1998
12946
15649
17689




15944




1680
2091
7289
7641
11904
16931
6429

9956

3460
11520
15945

6430
